Distance,Humidity,TemperatureC,TemperatureF,HeatIndexC,HeatIndexF,Latitude,longitude,sat,prec,chars,sentences,casum

162,35.00,29.00,84.20,28.20,82.76,12.972776,77.639007,9,107,3811,14,5

164,35.00,29.00,84.20,28.20,82.76,12.972780,77.639015,9,107,4347,15,6

163,34.00,30.00,86.00,29.08,84.34,12.972781,77.639022,9,107,4894,18,6

164,34.00,30.00,86.00,29.08,84.34,12.972780,77.639015,9,107,5437,19,7

162,35.00,29.00,84.20,28.20,82.76,12.972783,77.639015,8,112,5982,21,7

162,35.00,29.00,84.20,28.20,82.76,12.972783,77.639015,7,123,6462,23,7

162,35.00,30.00,86.00,29.17,84.50,12.972783,77.639015,7,123,7003,25,7

162,35.00,30.00,86.00,29.17,84.50,12.972778,77.639007,7,108,7479,27,7

152,35.00,30.00,86.00,29.17,84.50,12.972776,77.639007,8,108,8012,29,8

161,35.00,30.00,86.00,29.17,84.50,12.972776,77.639007,8,108,8528,31,8