182,35.00,29.00,84.20,28.20,82.7Distance,Humidity,TempC,TempF,HeatIndexC,HeatIndexF,Latitude,Longitude,Sat,Prec,Chars,Sentences,CasumErr

182,35.00,29.00,84.20,28.20,82.76,12.972842,77.638984,5,161,503,2,1

182,35.00,29.00,84.20,28.20,82.76,12.972835,77.639007,5,161,1239,5,1

181,35.00,29.00,84.20,28.20,82.76,12.972825,77.639022,5,160,12404,46,9

181,35.00,29.00,84.20,28.20,82.76,12.972829,77.639015,5,160,12954,49,9

181,35.00,29.00,84.20,28.20,82.76,12.972839,77.639007,5,160,13619,53,9

181,35.00,30.00,86.00,29.17,84.50,12.972836,77.639007,5,160,14167,55,9

182,35.00,30.00,86.00,29.17,84.50,12.972845,77.638999,5,159,14904,57,10

181,35.00,30.00,86.00,29.17,84.50,12.972846,77.639007,5,159,15578,60,10

182,35.00,30.00,86.00,29.17,84.50,12.972847,77.638999,5,299,16196,63,11

182,34.00,29.00,84.20,28.13,82.63,12.972852,77.638992,5,299,16928,65,12

181,34.00,29.00,84.20,28.13,82.63,12.972842,77.639007,5,159,17474,67,12

188,35.00,29.00,84.20,28.20,82.76,12.972829,77.639030,5,159,18212,69,12

181,35.00,29.00,84.20,28.20,82.76,12.972828,77.639030,5,159,18755,71,12

181,35.00,30.00,86.00,29.17,84.50,12.972811,77.639068,5,158,27410,104,16

182,35.00,30.00,86.00,29.17,84.50,12.972788,77.639122,7,128,50084,191,26

181,35.00,30.00,86.00,29.17,84.50,12.972787,77.639137,7,128,50763,194,26

182,35.00,30.00,86.00,29.17,84.50,12.972788,77.639137,7,128,51396,197,27

182,35.00,30.00,86.00,29.17,84.50,12.972784,77.639137,7,128,52142,199,28

181,35.00,30.00,86.00,29.17,84.50,12.972785,77.639137,7,128,52696,201,28

188,35.00,30.00,86.00,29.17,84.50,12.972792,77.639144,7,182,53444,203,29

181,35.00,30.00,86.00,29.17,84.50,53938,203,29

171,35.00,29.00,84.20,28.20,82.76,54418,203,29

181,35.00,29.00,84.20,28.20,82.76,54855,203,29

181,35.00,30.00,86.00,29.17,84.50,55312,203,29

181,35.00,30.00,86.00,29.17,84.50,55872,203,29

181,35.00,30.00,86.00,29.17,84.50,62245,203,32

181,35.00,29.00,84.20,28.20,82.76,62724,203,32

181,35.00,29.00,84.20,28.20,82.76,12.972703,77.638961,7,182,63269,204,32

181,35.00,30.00,86.00,29.17,84.50,12.972702,77.638969,6,325,63862,207,32

182,35.00,30.00,86.00,29.17,84.50,12.972735,77.639022,7,161,64638,209,32

181,35.00,28.00,82.40,27.35,81.24,12.972721,77.639030,6,161,65300,212,32

0,35.00,28.00,82.40,27.35,81.24,12.972731,77.639053,6,271,66050,214,33

182,34.00,29.00,84.20,28.13,82.63,12.972745,77.639076,4,270,66831,215,34

181,34.00,29.00,84.20,28.13,82.63,67310,215,34

182,36.00,29.00,84.20,28.27,82.89,67967,215,34

181,36.00,29.00,84.20,28.27,82.89,68425,215,34

182,35.00,30.00,86.00,29.17,84.50,12.972783,77.639167,3,341,69068,217,35

181,35.00,30.00,86.00,29.17,84.50,12.972793,77.639144,3,341,69572,219,35

188,35.00,30.00,86.00,29.17,84.50,70058,219,36

181,35.00,30.00,86.00,29.17,84.50,70630,219,36

181,33.00,28.00,82.40,27.24,81.04,71099,219,36

182,33.00,28.00,82.40,27.24,81.04,71761,219,36

181,34.00,30.00,86.00,29.08,84.34,72271,219,36

182,34.00,30.00,86.00,29.08,84.34,72875,219,37

181,35.00,30.00,86.00,29.17,84.50,73456,219,37

181,35.00,30.00,86.00,29.17,84.50,12.972788,77.639137,7,127,80860,225,40

181,35.00,30.00,86.00,29.17,84.50,12.972783,77.639114,7,127,81414,227,40

182,34.00,29.00,84.20,28.13,82.63,12.972778,77.639106,7,127,82156,229,40

181,34.00,29.00,84.20,28.13,82.63,12.972780,77.639106,7,127,82710,231,40

182,35.00,30.00,86.00,29.17,84.50,12.972781,77.639114,7,127,83355,233,40

181,35.00,30.00,86.00,29.17,84.50,12.972780,77.639114,7,127,83883,235,40

181,34.00,30.00,86.00,29.08,84.34,12.972780,77.639114,7,127,84437,238,40

182,34.00,30.00,86.00,29.08,84.34,12.972778,77.639114,7,127,85183,241,41

181,35.00,29.00,84.20,28.20,82.76,12.972777,77.639106,7,127,85739,243,41
